14316,571.4,493.9
14317,571.0,493.9
14318,570.7,493.9
14319,570.4,493.9
14320,570.3,493.9
14321,570.3,493.9
14322,570.4,493.9
14323,570.4,493.3
14324,570.5,493.0
14325,570.3,492.8
14326,570.2,492.8
14327,570.1,492.9
14328,569.8,492.9
14329,569.8,492.6
14330,570.0,492.4
14331,570.0,492.4
14332,570.1,492.4
14333,570.1,492.4
14334,569.9,492.4
14335,569.6,492.4
14336,569.7,492.1
14337,569.8,491.9
14338,569.9,491.9
14339,570.0,491.9
14340,569.8,491.9
14341,569.7,491.9
14342,569.7,491.9
14343,569.9,491.6
14344,570.2,491.4
14345,570.4,491.4
14346,570.5,491.4
14347,570.6,491.4
14348,570.7,491.4
14349,570.8,491.4
14350,571.0,491.4
14351,571.1,491.4
14352,571.4,491.4
14353,571.2,491.1
14354,570.9,491.0
14355,570.3,490.9
14356,569.5,490.9
14357,568.8,490.9
14358,568.1,490.9
14359,567.5,490.9
14360,567.0,490.9
14361,566.5,490.9
14362,566.0,490.9
14363,565.8,490.3
14364,566.0,490.0
14365,566.2,489.8
14366,566.2,489.8
14367,566.2,489.9
14368,566.1,489.9
14369,566.0,489.9
14370,565.9,489.9
14371,566.0,489.9
14372,566.0,489.9
14373,566.0,489.9
14374,566.0,489.9
14375,566.4,489.9
14376,566.8,489.9
14377,567.1,489.9
14378,567.2,489.9
14379,567.2,489.9
14380,567.2,489.9
14381,567.1,489.9
14382,567.0,489.9
14383,567.0,489.9
14384,567.0,489.9
14385,567.0,489.9
14386,567.0,489.9
14387,567.4,489.9
14388,567.9,489.3
14389,568.5,489.0
14390,568.8,488.8
14391,568.7,488.8
14392,568.5,488.9
14393,568.2,488.9
14394,568.0,488.9
14395,568.0,488.9
14396,568.0,488.9
14397,568.0,488.9
14398,568.0,488.9
14399,568.0,488.9
14400,568.4,488.9
14401,568.8,488.9
14402,569.1,488.9
14403,569.2,488.9
14404,569.2,488.9
14405,569.2,488.9
14406,569.1,488.9
14407,569.0,488.9
14408,569.0,488.9
14409,569.0,488.9
14410,569.0,488.9
14411,569.0,488.9
14412,569.4,488.9
14413,569.8,488.9
14414,570.1,488.9
14415,570.2,488.9
14416,570.2,488.9
14417,570.2,488.9
14418,570.1,488.9
14419,570.0,488.9
14420,570.4,488.9
14421,570.8,488.9
14422,571.1,488.9
14423,571.2,488.9
14424,571.2,488.9
14425,571.2,488.9
14426,571.1,488.9
14427,571.4,488.9
14428,571.8,488.9
14429,572.1,488.9
14430,572.2,488.9
14431,572.2,488.9
14432,572.2,488.9
14433,572.1,488.9
14434,572.0,488.9
14435,572.4,488.9
14436,572.8,488.9
14437,573.1,488.9
14438,573.2,488.9
14439,573.2,488.9
14440,573.2,488.9
14441,573.1,488.9
14442,573.4,488.9
14443,573.9,488.6
14444,574.3,488.4
14445,574.5,488.4
14446,574.5,488.1
14447,574.5,487.9
14448,574.4,487.9
14449,574.4,487.6
14450,574.4,487.4
14451,574.3,487.4
14452,574.5,487.4
14453,574.7,486.8
14454,575.0,486.5
14455,575.2,486.3
14456,575.1,486.3
14457,574.9,486.4
14458,574.7,486.4
14459,574.5,486.4
14460,574.5,486.4
14461,574.5,486.4
14462,574.9,486.4
14463,575.3,486.4
14464,575.6,486.4
14465,575.7,486.4
14466,575.7,486.4
14467,575.7,486.4
14468,575.6,486.4
14469,575.6,486.4
14470,575.5,486.4
14471,575.5,486.4
14472,575.9,486.4
14473,575.9,486.4
14474,575.8,486.4
14475,575.7,486.4
14476,575.5,486.4
14477,575.5,486.4
14478,575.5,486.4
14479,575.5,486.4
14480,575.5,486.4
14481,575.5,486.4
14482,575.5,486.4
14483,575.1,486.4
14484,574.7,486.4
14485,574.4,486.4
14486,574.3,486.4
14487,574.3,486.4
14488,574.4,486.4
14489,574.4,486.4
14490,574.5,486.4
14491,574.5,486.4
14492,574.5,486.4
14493,574.1,486.4
14494,581.5,490.9
14495,581.4,490.9
14496,581.0,490.9
14497,580.6,490.9
14498,580.4,490.9
14499,580.3,490.9
14500,580.3,490.9
14501,580.0,490.9
14502,579.7,490.9
14503,579.4,490.9
14504,579.3,490.9
14505,579.3,490.9
14506,579.0,490.9
14507,578.7,490.9
14508,578.4,490.9
14509,578.3,490.9
14510,578.3,491.2
14511,577.8,491.4
14512,577.4,491.5
14513,577.2,491.5
14514,577.2,491.5
14515,577.2,491.7
14516,577.0,491.9
14517,576.8,492.0
14518,576.7,492.0
14519,576.8,491.9
14520,576.8,492.2
14521,576.8,492.4
14522,576.7,492.5
14523,576.8,492.5
14524,576.9,492.4
14525,576.9,492.7
14526,576.5,492.6
14527,576.2,492.5
14528,576.1,492.1
14529,575.9,491.9
14530,575.8,491.9
14531,575.5,491.6
14532,575.1,491.4
14533,574.8,491.1
14534,574.7,490.9
14535,574.7,490.9
14536,574.3,490.6
14537,573.9,490.4
14538,573.7,490.4
14539,573.5,490.4
14540,573.4,490.4
14541,573.0,490.4
14542,572.6,490.4
14543,572.4,490.4
14544,572.3,490.4
14545,572.3,490.4
14546,572.0,490.4
14547,571.6,490.4
14548,571.4,490.4
14549,571.2,490.7
14550,571.1,490.9
14551,570.9,491.0
14552,570.7,491.3
14553,570.6,491.4
14554,570.6,491.5
14555,570.6,491.8
14556,570.6,491.9
14557,570.7,492.0
14558,570.8,492.0
14559,570.9,491.9
14560,571.0,491.9
14561,571.0,491.9
14562,571.0,491.9
14563,571.0,491.9
14564,571.0,491.9
14565,571.0,491.9
14566,570.6,491.9
14567,570.2,491.9
14568,569.9,491.9
14569,569.8,491.9
14570,569.8,491.9
14571,569.5,491.9
14572,569.1,491.9
14573,568.9,491.9
14574,568.8,491.9
14575,568.8,491.9
14576,568.5,491.9
14577,568.1,491.9
14578,567.9,491.9
14579,567.8,491.9
14580,567.8,491.9
14581,567.5,491.9
14582,567.1,491.9
14583,566.9,491.9
14584,566.8,491.9
14585,566.8,491.9
14586,566.5,491.6
14587,566.3,491.4
14588,566.0,491.4
14589,565.6,491.4
14590,565.2,491.4
14591,564.7,491.4
14592,564.4,491.4
14593,564.2,491.4
14594,563.8,491.4
14595,563.5,491.4
14596,563.3,491.4
14597,563.0,491.4
14598,562.7,491.4
14599,562.4,491.4
14600,562.1,491.4
14601,561.8,491.4
14602,561.6,491.4
14603,561.2,491.4
14604,560.9,491.4
14605,560.7,491.4
14606,560.5,490.8
14607,560.4,490.5
14608,560.3,490.3
14609,559.8,490.3
14610,559.3,490.4
14611,558.8,490.4
14612,558.3,490.4
14613,557.9,490.4
14614,557.7,490.4
14615,557.7,490.4
14616,557.6,490.1
14617,557.6,489.9
14618,557.6,489.9
14619,557.6,489.9
14620,557.5,489.9
14621,557.5,489.6
14622,557.6,489.4
14623,557.7,489.4
14624,557.7,489.4
14625,557.6,489.4
14626,557.6,489.1
14627,557.7,488.9
14628,557.7,488.9
14629,557.7,488.9
14630,557.6,488.9
14631,557.6,488.6
14632,557.7,488.4
14633,557.7,488.4
14634,557.7,488.4
14635,557.6,488.4
14636,557.3,488.4
14637,557.1,488.4
14638,556.9,488.4
14639,556.8,488.4
14640,556.8,488.7
14641,556.7,488.9
14642,556.7,489.0
14643,556.7,489.0
14644,556.8,488.9
14645,556.9,489.2
14646,556.8,489.1
14647,556.9,489.0
14648,557.0,488.9
14649,557.1,488.9
14650,557.1,488.9
14651,557.0,488.9
14652,557.2,488.9
14653,557.4,488.9
14654,557.5,488.9
14655,557.8,488.9
14656,558.0,488.6
14657,558.3,488.4
14658,558.4,488.4
14659,558.5,488.4
14660,558.6,488.4
14661,558.6,488.4
14662,558.6,488.4
14663,558.6,488.4
14664,558.5,488.4
14665,558.9,488.4
14666,559.3,488.4
14667,559.6,488.4
14668,559.7,488.4
14669,559.7,488.4
14670,559.6,488.4
14671,559.6,488.4
14672,559.5,488.4
14673,559.5,488.4
14674,559.5,488.4
14675,559.5,488.4
14676,559.5,488.4
14677,559.5,488.4
14678,559.5,488.4
14679,559.5,488.4
14680,559.5,488.4
14681,559.5,488.4
14682,559.5,488.4
14683,559.5,488.4
14684,559.5,488.4
14685,559.9,488.4
14686,560.3,488.1
14687,560.8,487.9
14688,561.0,487.9
14689,561.0,487.9
14690,560.8,487.9
14691,560.6,487.9
14692,560.7,487.9
14693,560.9,487.9
14694,561.0,487.9
14695,561.1,487.9
14696,561.1,487.9
14697,561.1,487.9
14698,561.0,487.9
14699,561.2,487.9
14700,561.4,487.9
14701,561.5,487.9
14702,561.6,487.9
14703,561.6,487.9
14704,561.6,487.9
14705,561.7,487.9
14706,562.0,487.6
14707,562.2,487.4
14708,562.4,487.4
14709,562.3,487.4
14710,562.2,487.4
14711,562.3,487.4
14712,562.4,487.4
14713,562.8,487.1
14714,563.2,486.9
14715,563.4,486.9
14716,563.4,486.9
14717,563.5,486.9
14718,563.5,486.9
14719,563.6,486.9
14720,563.8,486.6
14721,564.2,486.4
14722,564.4,486.4
14723,564.6,486.4
14724,564.7,486.4
14725,564.7,486.4
14726,564.6,486.4
14727,564.8,486.1
14728,565.2,485.9
14729,565.6,485.9
14730,565.8,485.9
14731,565.8,485.9
14732,565.7,485.9
14733,565.6,485.9
14734,566.0,485.9
14735,566.3,485.9
14736,566.6,485.9
14737,566.7,485.9
14738,566.7,485.9
14739,566.7,485.9
14740,566.6,485.9
14741,566.5,485.9
14742,566.5,485.9
14743,566.5,485.9
14744,566.5,485.9
14745,566.5,485.9
14746,566.5,485.9
14747,566.5,485.9
14748,566.5,485.9
14749,566.5,485.9
14750,566.5,485.9
14751,566.5,485.9
14752,566.5,485.9
14753,566.5,485.9
14754,566.5,485.9
14755,566.6,485.6
14756,566.7,485.4
14757,566.8,485.4
14758,566.8,485.4
14759,566.7,485.4
14760,566.6,485.4
14761,566.5,485.4
14762,566.5,485.4
14763,566.5,485.4
14764,566.5,485.4
14765,566.9,485.4
14766,567.3,485.4
14767,567.6,485.4
14768,567.7,485.4
14769,567.7,485.4
14770,567.7,485.4
14771,567.6,485.4
14772,567.5,485.4
14773,567.5,485.4
14774,567.5,485.4
14775,567.9,485.4
14776,568.3,485.4
14777,568.6,485.4
14778,568.7,485.4
14779,568.7,485.4
14780,568.7,485.4
14781,568.6,485.4
14782,568.5,485.4
14783,568.5,485.4
14784,568.5,485.4
14785,568.9,485.4
14786,569.4,484.8
14787,570.0,484.5
14788,570.3,484.3
14789,570.2,484.3
14790,570.0,484.4
14791,569.8,484.1
14792,569.7,484.0
14793,569.7,483.9
14794,569.7,483.9
14795,569.7,483.9
14796,569.4,483.6
14797,569.3,483.5
14798,569.2,483.4
14799,569.1,483.4
14800,569.1,483.4
14801,569.0,483.4
14802,569.0,483.4
14803,569.0,483.4
14804,568.9,483.7
14805,568.8,483.9
14806,568.7,484.0
14807,617.4,491.5
14808,617.4,491.4
14809,617.5,491.4
14810,617.2,491.4
14811,616.8,491.5
14812,616.5,491.5
14813,616.4,491.4
14814,616.4,491.4
14815,616.6,490.8
14816,616.6,490.5
14817,616.4,490.4
14818,616.0,490.4
14819,615.7,490.4
14820,615.5,490.4
14821,615.1,490.4
14822,614.7,490.5
14823,614.5,490.5
14824,614.4,490.4
14825,614.4,490.4
14826,614.5,490.4
14827,614.2,490.4
14828,613.8,490.5
14829,613.5,490.5
14830,613.4,490.4
14831,613.5,489.8
14832,613.9,489.5
14833,613.7,489.4
14834,613.3,489.4
14835,612.8,489.4
14836,612.5,489.4
14837,612.4,489.4
14838,612.4,489.4
14839,612.1,489.5
14840,611.8,489.5
14841,611.5,489.5
14842,611.4,489.4
14843,611.4,489.4
14844,611.1,489.4
14845,610.7,489.4
14846,610.5,489.4
14847,610.5,488.8
14848,610.8,488.5
14849,611.0,488.4
14850,610.6,488.4
14851,610.1,488.4
14852,609.6,488.4
14853,609.4,488.4
14854,609.3,488.4
14855,609.4,488.4
14856,609.2,488.4
14857,608.8,488.5
14858,608.5,488.4
14859,608.4,488.4
14860,608.4,488.4
14861,608.1,488.4
14862,607.7,488.4
14863,607.6,487.8
14864,607.8,487.5
14865,608.0,487.4
14866,608.0,487.3
14867,607.5,487.4
14868,606.9,487.4
14869,606.5,487.4
14870,606.3,487.4
14871,606.4,487.4
14872,606.5,487.4
14873,606.1,487.4
14874,605.8,487.5
14875,605.5,487.4
14876,605.4,487.4
14877,605.4,487.4
14878,605.5,487.4
14879,605.6,487.1
14880,605.8,487.0
14881,605.9,486.9
14882,605.9,486.9
14883,605.8,486.9
14884,605.7,486.9
14885,605.6,486.9
14886,605.6,486.9
14887,605.6,486.9
14888,605.6,486.9
14889,605.6,486.9
14890,605.6,486.9
14891,605.6,486.9
14892,605.6,486.9
14893,605.7,486.6
14894,605.8,486.5
14895,605.9,486.4
14896,605.9,486.4
14897,605.8,486.4
14898,605.7,486.4
14899,605.6,486.4
14900,605.6,486.4
14901,605.6,486.4
14902,605.6,486.4
14903,605.6,486.4
14904,605.6,486.4
14905,605.6,486.4
14906,605.6,486.4
14907,605.7,486.1
14908,605.8,486.0
14909,605.9,485.9
14910,605.9,485.9
14911,605.8,485.9
14912,605.7,485.9
14913,605.8,485.9
14914,606.0,485.9
14915,606.1,485.9
14916,606.2,485.9
14917,606.2,485.9
14918,606.2,485.9
14919,606.2,485.9
14920,606.1,485.9
14921,606.2,485.6
14922,606.3,485.5
14923,606.4,485.4
14924,606.4,485.4
14925,606.3,485.4
14926,606.2,485.4
14927,606.1,485.4
14928,606.1,485.4
14929,606.1,485.4
14930,606.1,485.4
14931,606.1,485.4
14932,606.1,485.4
14933,606.1,485.4
14934,606.1,485.4
14935,606.2,485.1
14936,606.3,485.0
14937,606.4,484.9
14938,606.4,484.9
14939,606.3,484.9
14940,606.2,484.9
14941,606.1,484.9
14942,606.1,484.9
14943,606.1,484.9
14944,606.1,484.9
14945,606.1,484.9
14946,606.1,484.9
14947,606.1,484.9
14948,606.3,484.9
14949,606.3,484.3
14950,606.3,484.0
14951,606.2,483.9
14952,606.0,483.9
14953,605.8,483.9
14954,605.6,483.9
14955,605.5,483.9
14956,605.5,483.9
14957,605.6,483.9
14958,605.6,483.9
14959,605.6,483.9
14960,605.6,483.9
14961,605.4,484.0
14962,605.2,484.0
14963,605.1,484.0
14964,605.0,483.9
14965,605.0,483.9
14966,605.0,483.9
14967,605.1,483.9
14968,605.1,483.9
14969,605.1,483.9
14970,605.1,483.9
14971,605.1,483.9
14972,605.1,483.9
14973,604.9,484.0
14974,604.7,484.0
14975,604.6,483.9
14976,604.5,483.9
14977,604.5,483.9
14978,604.5,483.9
14979,604.4,483.6
14980,604.4,483.5
14981,604.4,483.4
14982,604.3,483.4
14983,604.2,483.4
14984,604.1,483.4
14985,603.9,483.4
14986,603.7,483.5
14987,603.6,483.5
14988,603.5,483.4
14989,603.5,483.4
14990,603.5,483.4
14991,603.6,483.4
14992,603.6,483.4
14993,603.6,483.4
14994,603.6,483.4
14995,603.6,483.4
14996,603.6,483.4
14997,603.4,483.4
14998,603.2,483.5
14999,603.1,483.4
15000,603.0,483.4
15001,603.0,483.4
15002,603.0,483.4
15003,603.1,483.4
15004,603.1,483.4
15005,603.1,483.4
15006,603.1,483.4
15007,603.1,483.4
15008,603.1,483.4
15009,602.8,482.8
15010,602.7,482.5
15011,602.6,482.4
15012,602.4,482.4
15013,602.2,482.4
15014,602.1,482.4
15015,602.1,482.1
15016,602.2,482.0
15017,602.4,481.9
15018,602.4,481.9
15019,602.3,481.9
15020,602.2,481.9
15021,602.1,481.9
15022,602.2,481.6
15023,602.3,481.5
15024,602.4,481.4
15025,602.4,481.4
15026,602.3,481.4
15027,602.2,481.4
15028,602.1,481.4
15029,602.0,480.8
15030,602.1,480.5
15031,602.1,480.4
15032,602.0,480.4
15033,601.8,480.4
15034,601.7,480.4
15035,601.6,480.1
15036,601.8,480.0
15037,601.9,479.9
15038,601.9,479.9
15039,601.8,479.9
15040,601.7,479.9
15041,601.6,479.9
15042,601.7,479.6
15043,601.8,479.5
15044,601.9,479.4
15045,601.9,479.4
15046,601.8,479.4
15047,601.7,479.4
15048,601.6,479.4
15049,601.2,479.5
15050,600.8,479.5
15051,600.6,479.5
15052,600.0,479.5
15053,599.6,479.5
15054,599.4,479.5
15055,598.9,479.5
15056,598.6,479.5
15057,598.4,479.4
15058,598.1,479.4
15059,597.8,479.5
15060,597.5,479.4
15061,597.2,479.5
15062,596.8,479.5
15063,596.5,479.5
15064,596.2,479.5
15065,595.9,479.4
15066,595.7,479.4
15067,595.3,479.5
15068,595.0,479.4
15069,594.6,479.8
15070,594.3,479.9
15071,593.9,480.0
15072,593.5,480.0
15073,593.3,480.0
15074,593.1,480.0
15075,593.0,479.9
15076,592.7,479.9
15077,592.3,479.9
15078,592.0,479.9
15079,591.7,479.9
15080,591.3,479.9
15081,591.0,479.9
15082,590.8,479.9
15083,590.4,479.9
15084,590.1,479.9
15085,589.9,479.9
15086,589.4,479.9
15087,589.1,479.9
15088,588.9,479.9
15089,588.7,480.6
15090,588.6,480.3
15091,588.8,480.1
15092,589.1,479.9
15093,589.3,479.6
15094,589.5,479.1
15095,589.7,478.9
15096,589.7,478.9
15097,589.5,478.6
15098,589.5,478.1
15099,589.6,477.9
15100,589.6,477.9
15101,589.5,477.6
15102,589.6,477.1
15103,589.6,476.9
15104,589.6,476.9
15105,589.5,476.6
15106,589.5,476.4
15107,589.5,476.1
15108,589.6,475.6
15109,589.7,475.4
15110,589.7,475.4
15111,589.6,475.1
15112,589.6,474.6
15113,589.6,474.4
15114,589.6,474.4
15115,589.6,474.1
15116,589.6,473.6
15117,589.7,473.4
15118,589.6,473.4
15119,589.9,473.4
15120,590.3,472.8
15121,590.7,472.5
15122,590.9,472.4
15123,590.8,472.4
15124,590.6,472.4
15125,590.4,472.4
15126,590.3,472.2
15127,590.3,472.0
15128,590.5,471.6
15129,590.6,471.4
15130,590.6,471.4
15131,590.5,471.4
15132,590.4,471.1
15133,590.6,471.0
15134,590.8,470.9
15135,591.1,470.9
15136,591.4,470.6
15137,591.6,470.5
15138,591.7,470.1
15139,591.8,469.9
15140,591.7,469.9
15141,591.6,469.9
15142,591.4,469.9
15143,591.2,469.9
15144,591.3,469.4
15145,591.6,469.0
15146,591.9,468.9
15147,592.1,468.9
15148,592.1,468.9
15149,592.0,468.9
15150,591.9,468.7
15151,592.1,468.5
15152,592.5,468.1
15153,592.7,467.9
15154,592.8,467.9
15155,592.7,467.9
15156,592.5,467.6
15157,592.5,467.5
15158,592.5,467.4
15159,592.7,467.4
15160,592.8,467.1
15161,593.0,467.0
15162,593.1,466.9
15163,593.1,466.6
15164,593.2,466.5
15165,593.1,466.4
15166,593.0,466.4
15167,593.1,466.4
15168,593.3,466.1
15169,593.6,465.7
15170,593.8,465.5
15171,593.9,465.4
15172,593.8,465.4
15173,593.7,465.4
15174,593.8,465.4
15175,593.9,465.2
15176,594.1,464.7
15177,594.3,464.5
15178,594.4,464.4
15179,594.3,464.4
15180,594.0,464.4
15181,593.9,464.2
15182,594.0,464.0
15183,594.2,463.9
15184,594.5,463.6
15185,594.7,463.5
15186,595.0,463.4
15187,595.1,463.1
15188,595.3,463.0
15189,595.3,462.9
15190,595.2,462.9
15191,595.1,462.9
15192,595.0,462.7
15193,595.1,462.2
15194,595.3,462.0
15195,595.3,461.9
15196,595.3,461.9
15197,595.1,461.9
15198,594.9,462.0
15199,625.7,495.5
15200,625.6,495.4
15201,625.4,495.1
15202,625.3,495.0
15203,625.1,494.9
15204,624.8,494.9
15205,624.6,494.9
15206,624.3,494.9
15207,623.9,495.0
15208,623.6,495.0
15209,623.4,495.0
15210,623.4,494.9
15211,623.1,494.6
15212,622.9,494.5
15213,622.8,494.4
15214,622.7,494.4
15215,622.6,494.4
15216,622.2,494.4
15217,621.8,494.5
15218,621.5,494.5
15219,621.4,494.4
15220,621.4,494.4
15221,621.1,494.4
15222,620.8,494.1
15223,620.7,494.0
15224,620.7,493.9
15225,620.7,493.9
15226,620.3,493.9
15227,619.8,493.9
15228,619.5,493.9
15229,619.4,493.9
15230,619.4,493.9
15231,619.1,493.9
15232,618.8,494.0
15233,618.5,493.9
15234,618.5,493.6
15235,618.6,493.5
15236,618.4,493.4
15237,618.0,493.4
15238,617.7,493.4
15239,617.5,493.4
15240,617.4,493.4
15241,617.3,493.4
15242,616.9,493.5
15243,616.7,493.5
15244,616.5,493.4
15245,616.4,493.4
15246,616.3,493.1
15247,616.1,493.0
15248,615.9,492.9
15249,615.7,492.9
15250,615.6,492.9
15251,615.3,492.9
15252,614.9,492.9
15253,614.6,493.0
15254,614.4,492.9
15255,614.4,492.9
15256,614.3,492.9
15257,614.0,492.6
15258,613.8,492.5
15259,613.7,492.4
15260,613.7,492.4
15261,613.4,492.4
15262,613.0,492.4
15263,612.6,492.4
15264,612.4,492.4
15265,612.4,492.4
15266,612.2,492.4
15267,612.1,492.4
15268,611.8,492.4
15269,611.7,492.1
15270,611.7,492.0
15271,611.5,491.9
15272,611.3,491.9
15273,610.9,491.9
15274,610.6,491.9
15275,610.4,491.9
15276,610.2,491.9
15277,610.0,491.9
15278,609.8,491.9
15279,609.6,491.9
15280,609.5,491.9
15281,609.3,491.6
15282,609.3,491.5
15283,609.1,491.4
15284,608.8,491.4
15285,608.6,491.4
15286,608.3,491.4
15287,608.1,491.4
15288,607.8,491.4
15289,607.5,491.4
15290,607.4,491.4
15291,607.2,491.4
15292,607.1,491.1
15293,607.0,491.0
15294,606.8,490.9
15295,606.7,490.9
15296,606.4,490.9
15297,606.1,490.9
15298,606.0,490.9
15299,605.7,490.9
15300,605.6,490.9
15301,605.3,490.9
15302,605.1,490.9
15303,604.9,490.9
15304,604.8,490.6
15305,604.8,490.5
15306,604.6,490.4
15307,604.3,490.4
15308,604.1,490.4
15309,603.8,490.4
15310,603.5,490.4
15311,603.2,490.4
15312,603.0,490.4
15313,602.9,490.4
15314,602.7,490.4
15315,602.6,490.4
15316,602.3,490.1
15317,602.3,490.0
15318,602.2,489.9
15319,602.0,489.9
15320,601.7,489.9
15321,601.3,489.9
15322,601.0,489.9
15323,600.9,489.9
15324,600.9,489.9
15325,600.8,489.9
15326,600.4,489.9
15327,600.2,489.6
15328,600.1,489.5
15329,600.2,489.4
15330,600.0,489.4
15331,599.5,489.4
15332,599.1,489.4
15333,598.9,489.4
15334,598.8,489.4
15335,598.7,489.4
15336,598.4,489.4
15337,598.1,489.4
15338,597.9,489.4
15339,597.9,489.1
15340,597.9,489.0
15341,597.6,488.9
15342,597.3,488.9
15343,597.1,488.9
15344,596.9,488.9
15345,596.7,488.9
15346,596.3,488.9
15347,596.1,488.9
15348,595.9,488.9
15349,595.9,488.9
15350,595.9,488.9
15351,595.7,488.3
15352,595.6,488.0
15353,595.5,487.9
15354,595.0,487.9
15355,594.4,487.9
15356,593.9,487.9
15357,593.4,487.9
15358,593.0,487.9
15359,592.8,487.9
15360,592.8,487.9
15361,592.4,487.9
15362,592.1,487.9
15363,591.9,487.9
15364,591.4,487.9
15365,591.0,487.9
15366,590.8,487.9
15367,590.4,487.9
15368,590.0,487.9
15369,589.8,487.9
15370,589.8,487.9
15371,589.5,487.3
15372,589.5,487.0
15373,589.4,486.9
15374,589.3,486.8
15375,588.8,486.9
15376,588.2,486.9
15377,587.9,486.9
15378,587.8,486.9
15379,587.4,486.9
15380,587.1,486.9
15381,586.9,486.9
15382,586.8,486.9
15383,586.4,486.9
15384,586.1,486.9
15385,585.9,486.9
15386,585.8,486.9
15387,585.4,486.9
15388,585.1,486.9
15389,584.9,486.9
15390,584.8,486.9
15391,584.8,486.9
15392,584.9,486.9
15393,585.0,486.9
15394,585.0,486.9
15395,585.1,486.9
15396,585.1,486.9
15397,585.1,486.9
15398,585.1,486.9
15399,585.1,486.9
15400,585.4,486.9
15401,585.9,486.9
15402,586.1,486.9
15403,586.3,486.9
15404,586.3,486.9
15405,586.2,486.9
15406,586.1,486.9
15407,586.1,486.9
15408,586.1,486.9
15409,586.1,486.9
15410,586.4,486.9
15411,586.9,486.9
15412,587.1,486.9
15413,587.3,486.9
15414,587.3,486.9
15415,587.2,486.9
15416,587.1,486.9
15417,587.1,486.9
15418,587.1,486.9
15419,587.1,486.9
15420,587.5,486.9
15421,587.9,486.9
15422,588.2,486.9
15423,588.3,486.9
15424,588.3,486.9
15425,588.2,486.9
15426,588.2,486.9
15427,588.1,486.9
15428,588.1,486.9
15429,588.1,486.9
15430,588.5,486.9
15431,588.7,486.6
15432,589.0,486.5
15433,589.0,486.4
15434,588.9,486.4
15435,588.8,486.4
15436,588.7,486.1
15437,588.8,486.0
15438,588.8,485.9
15439,588.8,485.9
15440,588.7,485.9
15441,588.7,485.6
15442,588.8,485.5
15443,588.8,485.4
15444,588.8,485.4
15445,588.7,485.4
15446,588.7,485.1
15447,588.8,485.0
15448,588.8,484.9
15449,588.8,484.9
15450,588.7,484.9
15451,588.7,484.6
15452,588.8,484.5
15453,588.8,484.4
15454,588.8,484.4
15455,588.7,484.4
15456,588.6,484.4
15457,588.6,484.4
15458,588.5,484.4
15459,588.6,484.4
15460,588.6,484.4
15461,588.6,484.4
15462,588.6,484.4
15463,588.8,484.4
15464,589.0,484.4
15465,589.1,484.4
15466,589.2,484.4
15467,589.4,484.1
15468,589.8,484.0
15469,589.9,483.9
15470,589.9,483.9
15471,589.8,483.9
15472,589.7,483.9
15473,589.6,483.9
15474,589.6,483.9
15475,589.8,483.9
15476,590.0,483.9
15477,590.1,483.9
15478,590.2,483.9
15479,590.2,483.9
15480,590.2,483.9
15481,590.1,483.9
15482,590.1,483.9
15483,590.1,483.9
15484,590.3,483.6
15485,590.7,483.5
15486,590.9,483.4
15487,590.9,483.4
15488,591.0,483.4
15489,591.1,483.4
15490,591.2,483.4
15491,591.2,483.4
15492,591.2,483.4
15493,591.2,483.4
15494,591.1,483.4
15495,591.1,483.4
15496,591.1,483.4
15497,591.1,483.4
15498,591.1,483.4
15499,591.1,483.4
15500,591.5,483.4
15501,591.9,483.1
15502,592.4,483.0
15503,592.6,482.9
15504,592.6,482.9
15505,592.4,482.9
15506,592.2,482.9
15507,592.1,482.9
15508,592.1,482.9
15509,592.1,482.9
15510,592.1,482.9
15511,592.1,482.9
15512,592.1,482.6
15513,592.3,482.5
15514,592.6,482.4
15515,592.7,482.4
15516,593.0,482.4
15517,593.2,482.4
15518,593.2,482.4
15519,593.3,482.4
15520,593.2,482.4
15521,593.2,482.4
15522,593.1,482.4
15523,593.2,482.1
15524,593.3,482.0
15525,593.4,481.9
15526,593.3,481.9
15527,593.4,481.9
15528,593.6,481.9
15529,593.6,481.9
15530,593.7,481.9
15531,593.7,481.9
15532,593.9,481.9
15533,594.0,481.9
15534,594.2,481.9
15535,594.3,481.6
15536,594.4,481.5
15537,594.5,481.4
15538,594.4,481.4
15539,594.3,481.4
15540,594.4,481.4
15541,594.5,481.4
15542,594.6,481.4
15543,594.7,481.4
15544,594.7,481.4
15545,594.7,481.4
15546,594.7,481.1
15547,594.8,481.0
15548,595.1,480.9
15549,595.3,480.9
15550,595.3,480.9
15551,595.3,480.9
15552,595.2,480.9
15553,595.2,480.9
15554,595.3,480.9
15555,595.5,480.9
15556,595.7,480.9
15557,595.7,480.9
15558,595.8,480.6
15559,595.9,480.5
15560,595.9,480.4
15561,595.9,480.4
15562,595.8,480.4
15563,595.7,480.4
15564,595.8,480.4
15565,596.0,480.4
15566,596.1,480.4
15567,596.4,480.4
15568,596.6,480.4
15569,596.8,480.1
15570,597.0,480.0
15571,597.0,479.9
15572,596.9,479.9
15573,596.8,479.9
15574,596.7,479.9
15575,596.6,479.9
15576,596.6,479.9
15577,596.6,479.9
15578,596.6,479.9
15579,596.6,479.9
15580,597.0,480.2
15581,596.8,480.4
15582,596.6,480.5
15583,596.5,480.5
15584,596.5,480.5
15585,596.5,480.5
15586,596.5,480.4
15587,596.6,480.4
15588,596.6,480.4
15589,596.6,480.4
15590,596.6,480.4
15591,596.6,480.4
15592,596.6,480.4
15593,596.6,480.4
15594,596.6,480.4
15595,596.6,480.4
15596,596.6,480.4
15597,596.6,480.4
15598,596.6,480.4
15599,596.6,480.4
15600,596.6,480.4
15601,596.6,480.4
15602,596.6,480.4
15603,596.6,480.4
15604,596.6,480.4
15605,596.6,480.4
15606,596.6,480.4
15607,596.6,480.4
15608,596.6,480.4
15609,596.6,480.4
15610,596.6,480.4
15611,596.6,480.4
15612,596.6,480.4
15613,596.6,480.4
15614,596.6,480.4
15615,596.6,480.4
15616,596.6,480.4
15617,596.6,480.4
15618,596.6,480.4
15619,596.6,480.4
15620,596.6,480.4
15621,596.6,480.4
15622,596.6,480.4
15623,596.6,480.4
15624,596.6,480.4
15625,596.6,480.4
15626,596.6,480.4
15627,596.6,480.4
15628,596.6,480.4
15629,596.6,480.4
15630,596.6,480.4
15631,596.6,480.4
15632,596.6,480.4
15633,596.6,480.4
15634,596.6,480.4
15635,596.6,480.4
15636,596.6,480.4
15637,596.6,480.4
15638,596.6,480.4
15639,596.6,480.4
15640,596.6,480.4
15641,596.6,480.4
15642,596.6,480.4
15643,596.6,480.4
15644,596.6,480.4
15645,596.6,480.4
15646,596.6,480.4
15647,596.6,480.4
15648,596.6,480.4
15649,596.6,480.4
15650,596.6,480.4
15651,596.6,480.4
15652,596.6,480.4
15653,596.6,480.4
15654,596.6,480.4
15655,596.6,480.4
15656,596.6,480.4
15657,596.6,480.4
15658,596.6,480.4
15659,596.6,480.4
15660,596.6,480.4
15661,596.6,480.4
15662,596.6,480.4
15663,596.6,480.4
15664,596.6,480.4
15665,596.6,480.4
15666,596.6,480.4
15667,596.6,480.4
15668,596.6,480.4
15669,596.6,480.4
15670,596.6,480.4
15671,596.6,480.4
15672,596.6,480.4
15673,596.6,480.4
15674,596.6,480.4
15675,596.6,480.4
15676,596.6,480.4
15677,596.6,480.4
15678,596.6,480.4
15679,596.6,480.4
15680,596.6,480.4
15681,596.6,480.4
15682,596.6,480.4
15683,596.6,480.4
15684,596.6,480.4
15685,596.6,480.4
15686,596.6,480.4
15687,596.6,480.4
15688,596.6,480.4
15689,596.6,480.4
15690,596.6,480.4
15691,596.6,480.4
15692,596.6,480.4
15693,596.6,480.4
15694,596.6,480.4
15695,596.6,480.4
15696,596.6,480.4
15697,596.6,480.4
15698,596.6,480.4
15699,596.6,480.4
15700,596.5,481.1
15701,595.9,480.8
15702,595.7,480.3
15703,595.8,479.7
15704,596.2,478.8
15705,596.3,478.4
15706,596.2,478.0
15707,596.1,477.2
15708,596.1,476.6
15709,596.1,476.3
15710,595.6,475.7
15711,595.2,475.4
15712,594.9,475.0
15713,594.7,474.6
15714,594.7,474.1
15715,594.8,473.9
15716,594.8,473.5
15717,594.8,473.1
15718,594.8,472.9
15719,594.8,472.3
15720,594.9,471.9
15721,595.0,471.5
15722,595.0,471.1
15723,594.9,470.9
15724,594.8,470.6
15725,594.8,470.1
15726,594.9,469.6
15727,594.9,469.4
15728,595.0,468.7
15729,595.0,468.4
15730,595.0,468.3
15731,594.8,468.4
15732,594.5,468.4
15733,594.3,468.4
15734,594.2,468.5
15735,594.2,468.5
15736,594.2,468.5
15737,594.2,468.5
15738,594.2,468.5
15739,543.3,491.9
15740,543.3,491.9
15741,543.2,491.6
15742,543.2,491.4
15743,543.2,491.4
15744,542.9,491.4
15745,542.6,491.4
15746,542.4,491.4
15747,542.1,491.4
15748,541.9,491.4
15749,541.8,491.4
15750,541.8,491.4
15751,541.4,491.4
15752,541.1,491.4
15753,540.8,491.4
15754,540.7,491.4
15755,540.7,491.4
15756,540.4,491.4
15757,540.0,491.4
15758,539.8,491.4
15759,539.7,491.4
15760,539.7,491.4
15761,539.4,491.4
15762,538.7,491.4
15763,538.0,491.4
15764,537.2,491.4
15765,536.7,491.4
15766,536.1,491.4
15767,535.3,491.4
15768,534.7,491.4
15769,534.0,491.4
15770,533.6,491.4
15771,533.1,491.1
15772,532.9,490.9
15773,532.8,490.9
15774,532.8,490.8
15775,532.8,490.9
15776,532.6,490.9
15777,532.2,490.9
15778,531.9,490.9
15779,531.7,490.9
15780,531.7,490.9
15781,531.5,490.9
15782,531.4,490.9
15783,531.1,490.9
15784,530.9,490.9
15785,530.7,491.2
15786,530.3,491.4
15787,530.1,491.4
15788,530.0,491.4
15789,529.9,491.4
15790,529.8,491.4
15791,529.6,491.4
15792,529.4,491.4
15793,529.3,491.4
15794,529.2,491.4
15795,529.1,491.4
15796,528.7,491.4
15797,528.4,491.4
15798,528.2,491.4
15799,528.2,491.4
15800,528.2,491.7
15801,528.1,491.6
15802,528.3,491.5
15803,528.4,491.4
15804,528.5,491.4
15805,528.5,491.4
15806,528.5,491.4
15807,528.4,491.4
15808,528.4,491.4
15809,528.4,491.4
15810,528.4,491.4
15811,528.4,491.4
15812,528.6,491.4
15813,528.8,491.4
15814,529.1,491.4
15815,529.4,491.4
15816,529.6,491.4
15817,529.6,491.4
15818,529.6,491.1
15819,529.7,490.9
15820,529.7,490.9
15821,529.7,490.8
15822,529.6,490.9
15823,529.5,490.9
15824,529.6,490.9
15825,529.8,490.9
15826,529.9,490.9
15827,530.0,490.9
15828,530.2,490.9
15829,530.4,490.9
15830,530.5,490.9
15831,530.5,490.9
15832,530.5,490.9
15833,530.5,490.9
15834,530.4,490.9
15835,530.6,490.9
15836,530.9,490.6
15837,531.2,490.4
15838,531.3,490.4
15839,531.3,490.4
15840,531.1,490.4
15841,531.0,490.4
15842,531.1,490.4
15843,531.3,490.4
15844,531.4,490.4
15845,531.5,490.4
15846,531.5,490.4
15847,531.7,490.4
15848,531.8,490.4
15849,532.0,490.4
15850,532.0,490.4
15851,532.0,490.4
15852,532.0,490.4
15853,532.0,490.1
15854,532.1,489.9
15855,532.2,489.9
15856,532.4,489.8
15857,532.5,489.9
15858,532.5,489.9
15859,532.7,489.9
15860,532.9,489.9
15861,533.0,489.9
15862,533.1,489.9
15863,533.0,489.9
15864,533.0,489.9
15865,533.0,489.9
15866,532.9,489.9
15867,532.9,489.9
15868,532.9,489.9
15869,532.9,489.9
15870,533.3,489.9
15871,533.8,489.6
15872,534.2,489.4
15873,534.4,489.4
15874,534.4,489.4
15875,534.2,489.4
15876,534.1,489.4
15877,533.9,489.4
15878,533.9,489.4
15879,533.9,489.4
15880,533.9,489.4
15881,534.2,488.8
15882,535.1,488.4
15883,536.1,488.0
15884,537.1,487.8
15885,537.9,487.8
15886,538.6,487.5
15887,539.3,487.4
15888,540.1,487.0
15889,540.9,486.9
15890,541.9,486.8
15891,542.3,486.8
15892,542.3,486.9
15893,542.1,486.9
15894,541.8,486.9
15895,541.5,487.2
15896,541.3,487.4
15897,541.2,487.4
15898,541.2,487.5
15899,541.3,487.4
15900,541.3,487.7
15901,541.3,487.6
15902,541.4,487.5
15903,541.5,487.4
15904,541.5,487.4
15905,541.5,487.4
15906,541.5,487.4
15907,541.5,487.4
15908,541.4,487.4
15909,541.4,487.4
15910,541.4,487.4
15911,541.4,487.4
15912,541.4,487.4
15913,541.8,487.4
15914,542.2,487.4
15915,542.8,487.7
15916,543.2,487.9
15917,543.5,487.9
15918,543.9,487.9
15919,544.4,487.9
15920,545.0,488.2
15921,545.3,488.4
15922,545.5,488.4
15923,545.6,488.5
15924,545.6,488.4
15925,545.6,488.4
15926,545.5,488.4
15927,545.9,488.4
15928,546.3,488.4
15929,546.5,488.4
15930,546.7,488.4
15931,546.7,488.4
15932,546.6,488.4
15933,546.5,488.4
15934,546.9,488.4
15935,547.2,488.4
15936,547.5,488.4
15937,547.7,488.4
15938,547.7,488.4
15939,547.6,488.4
15940,547.9,488.4
15941,548.3,488.1
15942,548.7,487.9
15943,549.0,487.6
15944,549.1,487.4
15945,549.2,487.3
15946,549.3,487.0
15947,549.4,486.9
15948,549.4,486.6
15949,549.5,486.4
15950,549.8,486.3
15951,550.1,486.3
15952,550.2,486.4
15953,550.2,486.4
15954,550.1,486.4
15955,550.1,486.4
15956,550.0,486.4
15957,550.0,486.4
15958,550.0,486.4
15959,550.0,486.4
15960,550.3,486.7
15961,550.5,486.9
15962,550.8,486.9
15963,550.9,487.0
15964,551.0,486.9
15965,551.1,486.9
15966,551.0,486.9
15967,551.0,486.9
15968,551.0,486.9
15969,551.0,486.9
15970,551.3,487.2
15971,551.5,487.4
15972,551.8,487.4
15973,551.9,487.5
15974,552.0,487.4
15975,552.4,487.4
15976,552.8,487.4
15977,553.1,487.4
15978,553.2,487.4
15979,553.2,487.4
15980,553.5,487.4
15981,553.7,487.1
15982,553.9,486.9
15983,553.9,486.9
15984,553.8,486.9
15985,553.7,486.9
15986,553.6,486.6
15987,553.7,486.4
15988,553.7,486.4
15989,553.7,486.4
15990,553.6,486.4
15991,553.5,486.4
15992,553.5,486.4
15993,553.4,486.4
15994,553.8,486.4
15995,554.3,486.4
15996,554.5,486.4
15997,554.7,486.4
15998,555.1,486.4
15999,555.4,486.4
16000,555.6,486.4
16001,555.7,486.4
16002,556.1,486.4
16003,556.4,486.4
16004,556.6,486.4
16005,556.7,486.4
16006,557.1,486.4
16007,557.4,486.4
16008,557.6,486.4
16009,557.7,486.4
16010,558.1,486.4
16011,558.3,486.1
16012,558.5,485.9
16013,558.5,485.9
16014,558.3,485.9
16015,558.2,485.9
16016,558.0,485.9
16017,558.0,485.9
16018,557.9,485.9
16019,558.0,485.9
16020,558.0,485.9
16021,557.7,485.3
16022,557.6,485.0
16023,557.5,484.8
16024,556.9,484.8
16025,556.3,484.9
16026,555.9,484.9
16027,555.7,484.9
16028,555.3,484.9
16029,555.0,484.9
16030,554.8,484.9
16031,554.3,484.9
16032,554.0,484.9
16033,568.2,466.9
16034,568.2,466.9
16035,568.0,466.9
16036,567.8,466.9
16037,567.7,466.9
16038,567.7,466.4
16039,568.0,466.0
16040,568.2,465.9
16041,568.2,465.9
16042,568.0,465.9
16043,567.8,465.9
16044,567.7,465.9
16045,567.4,465.4
16046,567.3,465.0
16047,567.2,464.9
16048,567.0,464.9
16049,566.9,464.3
16050,567.1,464.0
16051,566.8,463.9
16052,566.3,463.9
16053,566.0,463.3
16054,566.0,463.0
16055,566.1,462.9
16056,566.0,462.9
16057,566.0,462.3
16058,565.8,462.0
16059,565.5,461.9
16060,565.1,461.9
16061,564.9,461.3
16062,565.1,461.0
16063,565.2,460.9
16064,565.1,460.9
16065,565.0,460.9
16066,564.9,460.9
16067,564.8,461.0
16068,565.1,461.0
16069,565.5,461.0
16070,565.8,461.0
16071,566.4,461.0
16072,566.8,461.0
16073,567.0,461.0
16074,567.4,461.0
16075,567.8,461.0
16076,568.0,461.0
16077,568.1,461.0
16078,568.4,461.0
16079,568.7,461.0
16080,568.9,461.0
16081,569.4,461.0
16082,569.8,461.0
16083,570.0,461.0
16084,570.5,461.0
16085,570.7,460.4
16086,571.0,460.0
16087,571.1,459.9
16088,570.9,459.9
16089,570.7,459.9
16090,570.5,459.9
16091,570.4,459.7
16092,570.5,459.5
16093,570.5,459.4
16094,570.6,459.4
16095,570.5,459.4
16096,570.4,459.5
16097,570.3,459.5
16098,570.4,459.2
16099,570.5,459.0
16100,570.6,458.9
16101,570.6,458.9
16102,570.5,458.9
16103,570.4,459.0
16104,570.3,459.0
16105,570.0,458.4
16106,569.9,458.1
16107,569.8,457.9
16108,569.8,457.3
16109,569.9,457.0
16110,569.9,456.9
16111,569.8,456.9
16112,569.6,456.9
16113,569.5,456.9
16114,569.4,457.0
16115,569.3,457.0
16116,569.3,457.0
16117,569.4,457.0
16118,569.4,457.0
16119,569.4,457.0
16120,569.4,457.0
16121,569.4,457.0
16122,569.4,457.0
16123,569.4,457.0
16124,569.8,457.0
16125,570.3,456.4
16126,570.8,456.0
16127,571.1,455.9
16128,571.1,455.9
16129,570.9,455.9
16130,570.6,456.0
16131,570.5,456.0
16132,570.4,456.0
16133,570.4,456.0
16134,580.3,463.9
16135,580.3,463.9
16136,580.1,463.9
16137,579.9,463.9
16138,579.8,464.0
16139,579.8,463.4
16140,580.1,463.0
16141,580.3,462.9
16142,580.3,462.9
16143,580.1,462.9
16144,579.9,462.9
16145,579.8,463.0
16146,579.5,462.4
16147,579.4,462.0
16148,579.3,461.9
16149,579.1,461.9
16150,578.9,461.9
16151,578.8,461.9
16152,578.8,461.4
16153,579.1,461.0
16154,579.3,460.9
16155,579.3,460.9
16156,579.1,460.9
16157,579.0,460.9
16158,578.8,461.0
16159,578.9,460.4
16160,579.2,460.0
16161,579.4,459.9
16162,579.3,459.9
16163,579.2,459.9
16164,579.0,459.9
16165,578.9,460.0
16166,578.9,459.4
16167,579.2,459.0
16168,579.4,458.9
16169,579.4,458.9
16170,579.2,458.9
16171,579.0,458.9
16172,578.9,459.0
16173,578.8,459.0
16174,578.9,458.4
16175,579.3,458.0
16176,579.4,457.9
16177,579.4,457.9
16178,579.2,457.9
16179,579.0,458.0
16180,578.9,458.0
16181,578.9,458.0
16182,579.0,457.4
16183,579.3,457.0
16184,579.4,456.9
16185,579.8,456.9
16186,580.0,456.9
16187,580.1,456.9
16188,580.1,457.0
16189,580.1,457.0
16190,580.2,456.4
16191,580.4,456.1
16192,580.5,455.9
16193,580.4,455.9
16194,580.3,455.9
16195,580.1,456.0
16196,580.0,456.0
16197,579.9,456.0
16198,580.0,455.4
16199,580.3,455.1
16200,580.5,454.9
16201,580.5,454.9
16202,580.3,454.9
16203,580.1,455.0
16204,580.0,455.0
16205,580.3,455.0
16206,580.8,454.4
16207,581.4,454.0
16208,581.7,453.9
16209,581.7,453.9
16210,581.5,453.9
16211,581.2,454.0
16212,581.2,453.4
16213,581.4,453.1
16214,581.5,452.9
16215,581.5,452.9
16216,581.4,452.9
16217,581.2,453.0
16218,581.2,452.4
16219,581.4,452.1
16220,581.5,451.9
16221,581.5,451.9
16222,581.4,451.9
16223,581.2,452.0
16224,581.2,451.4
16225,581.4,451.1
16226,581.6,450.9
16227,581.6,450.9
16228,581.4,450.9
16229,581.2,451.0
16230,581.2,450.4
16231,581.4,450.1
16232,581.6,449.9
16233,581.6,449.9
16234,581.4,449.9
16235,941.9,489.1
16236,942.9,489.1
16237,943.9,489.1
16238,944.6,489.1
16239,945.3,489.4
16240,945.9,489.6
16241,946.8,489.6
16242,947.9,489.6
16243,948.8,489.6
16244,949.8,489.6
16245,950.7,489.9
16246,951.5,490.1
16247,952.2,490.1
16248,953.1,490.1
16249,953.9,490.1
16250,954.7,490.1
16251,955.5,490.7
16252,956.3,491.1
16253,957.2,491.2
16254,958.1,491.2
16255,959.1,491.1
16256,960.2,491.1
16257,961.0,491.1
16258,961.8,491.4
16259,962.5,491.6
16260,963.2,491.6
16261,964.0,491.6
16262,965.0,491.6
16263,966.1,491.6
16264,967.2,491.9
16265,967.9,492.1
16266,968.6,492.1
16267,969.3,492.1
16268,970.1,492.1
16269,971.1,492.1
16270,972.1,492.4
16271,972.8,492.6
16272,973.6,492.6
16273,974.5,492.6
16274,975.6,492.6
16275,976.7,492.6
16276,977.7,493.2
16277,978.1,493.6
16278,978.5,493.7
16279,979.3,493.7
16280,980.3,493.6
16281,981.5,494.2
16282,982.0,494.6
16283,982.5,494.7
16284,983.3,494.7
16285,984.3,494.6
16286,985.5,495.3
16287,986.0,495.6
16288,986.5,495.7
16289,987.3,495.7
16290,987.9,495.7
16291,988.7,495.6
16292,989.6,495.6
16293,990.2,495.6
16294,990.8,495.6
16295,991.5,495.6
16296,992.5,495.6
16297,993.2,495.3
16298,993.6,495.1
16299,994.0,495.1
16300,994.2,495.1
16301,994.4,495.1
16302,994.7,495.1
16303,994.9,495.1
16304,995.2,495.1
16305,995.6,495.4
16306,996.0,495.3
16307,996.3,495.2
16308,996.8,495.1
16309,997.2,495.1
16310,997.5,495.1
16311,998.0,495.1
16312,998.3,495.1
16313,998.7,495.4
16314,999.0,495.6
16315,999.3,495.3
16316,999.9,495.2
16317,1000.5,495.1
16318,1000.7,495.1
16319,1001.1,495.1
16320,1001.4,495.1
16321,1001.7,495.4
16322,1001.9,495.6
16323,1002.2,495.7
16324,1002.6,495.3
16325,1003.2,495.1
16326,1003.8,495.1
16327,1004.4,495.1
16328,1004.6,495.1
16329,1004.8,495.4
16330,1005.0,495.6
16331,1005.3,495.7
16332,1005.7,495.7
16333,1006.2,495.3
16334,1006.8,495.1
16335,1007.2,495.1
16336,1007.7,495.1
16337,1007.9,495.4
16338,1007.9,495.6
16339,1008.2,495.7
16340,1008.6,495.7
16341,1009.3,495.6
16342,1009.9,495.3
16343,1010.3,495.1
16344,1010.8,495.1
16345,1011.1,495.1
16346,1011.3,495.4
16347,1011.5,495.6
16348,1011.7,495.7
16349,1012.0,495.7
16350,1012.5,495.6
16351,1013.1,495.3
16352,1013.7,495.1
16353,1014.1,495.1
16354,1014.4,495.4
16355,1014.4,495.6
16356,1014.7,495.6
16357,1015.1,495.7
16358,1015.6,495.6
16359,1016.2,495.6
16360,1016.6,495.3
16361,1017.2,495.1
16362,1017.6,495.4
16363,1017.6,495.6
16364,1017.9,495.6
16365,1018.2,495.7
16366,1018.6,495.6
16367,1019.1,495.6
16368,1019.5,495.6
16369,1019.9,495.3
16370,1020.3,495.4
16371,1020.7,495.6
16372,1021.1,495.6
16373,1021.4,495.6
16374,1021.7,495.6
16375,1022.2,495.6
16376,1022.7,495.6
16377,1023.0,495.6
16378,1023.3,495.6
16379,1023.7,495.6
16380,1024.0,495.6
16381,1024.5,495.6
16382,1024.9,495.6
16383,1025.1,495.6
16384,1025.5,495.6
16385,1025.9,495.6
16386,1026.4,495.9
16387,1026.4,495.5
16388,1026.4,495.2
16389,1026.3,495.1
16390,1026.1,495.1
16391,1025.8,495.1
16392,1025.7,495.1
16393,1025.6,495.1
16394,1025.6,495.1
16395,1025.6,495.1
16396,1025.7,495.1
16397,1025.7,495.1
16398,1025.7,495.1
16399,1025.7,495.1
16400,1025.8,494.5
16401,1026.1,494.1
16402,1026.2,494.0
16403,1026.1,494.0
16404,1025.9,494.1
16405,1025.8,494.1
16406,1025.6,494.1
16407,1025.6,494.1
16408,1025.7,494.1
16409,1025.7,494.1
16410,1025.7,494.1
16411,1025.7,494.1
16412,1025.7,494.1
16413,1025.8,493.5
16414,1026.1,493.1
16415,1026.2,493.0
16416,1026.1,493.0
16417,1026.0,493.1
16418,1025.8,493.1
16419,1025.7,493.1
16420,1025.6,493.1
16421,1025.7,493.1
16422,1025.7,493.1
16423,1025.7,493.1
16424,1025.7,493.1
16425,1025.7,493.1
16426,1025.7,493.1
16427,1025.8,492.8
16428,1025.9,492.6
16429,1026.0,492.6
16430,1025.9,492.6
16431,1025.8,492.6
16432,1025.7,492.6
16433,1025.7,492.6
16434,1025.7,492.6
16435,1025.7,492.6
16436,1025.7,492.6
16437,1025.7,492.6
16438,1025.7,492.6
16439,1025.9,492.6
16440,1026.1,492.6
16441,1026.3,492.3
16442,1026.5,492.1
16443,1026.6,492.1
16444,1026.5,492.1
16445,1026.4,492.1
16446,1026.3,492.1
16447,1026.2,492.1
16448,1026.2,492.1
16449,1026.2,492.1
16450,1026.2,492.1
16451,1026.4,492.1
16452,1026.7,492.1
16453,1026.8,492.1
16454,1026.9,492.1
16455,1026.9,492.1
16456,1026.9,491.8
16457,1026.9,491.6
16458,1027.0,491.6
16459,1026.9,491.6
16460,1026.8,491.6
16461,1026.8,491.6
16462,1026.7,491.6
16463,1027.1,491.6
16464,1027.6,491.6
16465,1027.9,491.6
16466,1028.0,491.6
16467,1028.0,491.6
16468,1027.9,491.6
16469,1027.8,491.6
16470,1027.8,491.3
16471,1027.9,491.1
16472,1028.0,491.1
16473,1028.0,491.1
16474,1027.9,491.1
16475,1028.0,491.1
16476,1028.1,491.1
16477,1028.3,491.1
16478,1028.3,491.1
16479,1028.4,491.1
16480,1028.3,491.1
16481,1028.3,491.1
16482,1028.3,491.1
16483,1028.2,491.1
16484,1028.2,491.1
16485,1028.3,490.8
16486,1028.4,490.6
16487,1028.7,490.6
16488,1028.9,490.6
16489,1028.9,490.6
16490,1028.9,490.6
16491,1028.8,490.6
16492,1028.8,490.6
16493,1028.8,490.6
16494,1028.8,490.6
16495,1028.7,490.6
16496,1028.7,490.6
16497,1028.7,490.6
16498,1028.7,490.6
16499,1029.2,490.6
16500,1029.4,490.6
16501,1029.4,490.9
16502,1029.0,491.4
16503,1028.5,491.7
16504,1028.0,492.0
16505,1027.6,492.5
16506,1027.6,493.0
16507,1027.7,492.6
16508,1028.1,492.2
16509,1028.2,491.8
16510,1028.3,491.6
16511,1028.1,491.5
16512,1028.1,491.5
16513,1028.1,491.6
16514,1028.4,491.6
16515,1028.9,491.6
16516,1029.5,491.6
16517,1029.9,491.6
16518,1030.3,491.6
16519,1030.5,491.6
16520,1031.0,491.6
16521,1031.4,491.6
16522,1031.6,491.6
16523,1032.0,491.6
16524,1032.4,491.6
16525,1032.8,491.6
16526,1033.2,491.6
16527,1033.7,491.6
16528,1034.1,491.6
16529,1034.6,491.6
16530,1034.6,491.3
16531,1034.5,491.1
16532,1034.3,491.1
16533,1033.8,491.1
16534,1033.4,491.1
16535,1033.1,491.1
16536,1033.0,491.1
16537,1032.6,491.1
16538,1032.3,491.1
16539,1032.0,491.1
16540,1031.7,491.1
16541,1031.6,491.1
16542,1031.5,491.1
16543,1031.5,491.1
16544,1031.2,491.1
16545,1030.8,491.1
16546,1030.5,491.1
16547,1030.5,491.1
16548,1030.3,491.1
16549,1030.1,491.1
16550,1030.1,491.1
16551,1029.7,491.1
16552,1029.3,491.1
16553,1029.0,491.1
16554,1028.9,491.1
16555,1028.8,491.1
16556,1028.6,491.1
16557,1028.6,491.1
16558,1028.6,491.1
16559,1028.4,490.8
16560,1028.4,490.3
16561,1028.6,490.1
16562,1028.6,489.7
16563,1028.7,489.2
16564,1028.9,489.4
16565,1029.0,488.9
16566,1029.2,488.6
16567,1029.7,488.5
16568,1030.0,488.5
16569,1030.4,488.6
16570,1030.7,488.6
16571,1031.2,488.6
16572,1031.5,488.6
16573,1032.1,488.6
16574,587.0,452.4
16575,587.0,452.4
16576,586.9,452.4
16577,586.7,452.5
16578,586.7,451.9
16579,586.9,451.6
16580,587.1,451.4
16581,587.1,451.4
16582,586.9,451.4
16583,586.7,451.5
16584,586.6,451.5
16585,586.7,450.9
16586,587.0,450.6
16587,587.1,450.4
16588,587.1,450.4
16589,587.0,450.4
16590,586.8,450.5
16591,586.8,449.9
16592,587.0,449.6
16593,587.1,449.4
16594,587.1,449.4
16595,587.0,449.4
16596,586.8,449.5
16597,586.7,449.5
16598,586.7,448.9
16599,587.0,448.6
16600,587.2,448.4
16601,587.2,448.4
16602,587.0,448.4
16603,586.8,448.5
16604,586.8,447.9
16605,587.0,447.6
16606,587.2,447.4
16607,587.2,447.4
16608,587.1,447.4
16609,586.9,447.5
16610,586.7,447.5
16611,586.8,446.9
16612,587.1,446.6
16613,587.3,446.4
16614,587.2,446.4
16615,587.1,446.5
16616,586.9,446.5
16617,586.8,446.5
16618,586.7,446.5
16619,586.7,446.5
16620,586.8,446.5
16621,586.8,446.5
16622,587.1,446.5
16623,587.5,446.5
16624,587.8,446.5
16625,588.0,446.5
16626,588.0,446.5
16627,587.9,446.5
16628,587.9,446.5
16629,587.8,446.5
16630,587.8,446.5
16631,587.8,446.5
16632,587.8,446.5
16633,587.8,446.5
16634,588.2,446.5
16635,588.6,446.5
16636,588.8,446.5
16637,589.0,446.5
16638,589.1,445.9
16639,589.3,445.6
16640,589.4,445.5
16641,589.3,445.4
16642,589.1,445.5
16643,589.0,445.5
16644,588.8,445.5
16645,588.8,445.5
16646,589.2,445.5
16647,589.6,445.5
16648,589.9,445.5
16649,590.0,445.5
16650,590.0,445.5
16651,590.0,445.5
16652,589.9,445.5
16653,589.9,445.5
16654,589.8,445.5
16655,589.8,445.5
16656,589.8,445.5
16657,589.8,445.5
16658,590.2,445.5
16659,590.6,445.5
16660,590.9,445.5
16661,591.0,445.5
16662,591.0,445.5
16663,591.0,445.5
16664,590.9,445.5
16665,590.9,445.5
16666,590.9,444.9
16667,591.2,444.6
16668,591.4,444.5
16669,591.3,444.4
16670,591.6,444.5
16671,591.8,444.5
16672,591.9,444.5
16673,592.0,444.5
16674,592.0,444.5
16675,592.0,444.5
16676,592.0,444.5
16677,591.9,444.5
16678,591.9,444.5
16679,591.9,444.5
16680,591.9,444.5
16681,591.9,444.5
16682,592.2,444.5
16683,592.6,444.5
16684,592.9,444.5
16685,593.1,444.5
16686,593.1,444.5
16687,593.0,444.5
16688,593.0,444.5
16689,592.9,444.5
16690,592.9,444.5
16691,592.9,444.5
16692,592.9,444.5
16693,593.2,444.5
16694,593.6,444.5
16695,593.9,444.5
16696,594.1,444.5
16697,594.1,444.5
16698,594.0,444.5
16699,594.0,444.5
16700,593.9,444.5
16701,593.9,444.5
16702,593.9,444.5
16703,593.9,444.5
16704,593.9,444.5
16705,593.9,444.5
16706,593.9,444.5
16707,593.9,444.5
16708,593.9,444.5
16709,593.9,444.5
16710,593.9,444.5
16711,593.9,444.5
16712,593.9,444.5
16713,593.9,444.5
16714,593.9,444.5
16715,593.9,444.5
16716,593.9,444.5
16717,593.9,444.5
16718,593.9,444.5
16719,593.9,444.5
16720,593.9,444.5
16721,593.9,444.5
16722,593.9,444.5
16723,593.9,444.5
16724,593.9,444.5
16725,593.9,444.5
16726,593.9,444.5
16727,593.9,444.5
16728,593.9,444.5
16729,593.9,444.5
16730,593.8,445.1
16731,593.5,445.4
16732,593.3,445.6
16733,593.4,445.6
16734,593.5,445.6
16735,593.7,445.5
16736,593.8,445.5
16737,593.9,445.5
16738,593.9,445.5
16739,593.8,445.5
16740,593.8,445.5
16741,593.8,445.5
16742,593.8,445.5
16743,593.8,445.5
16744,593.8,445.5
16745,593.8,445.5
16746,593.8,445.5
16747,593.8,445.5
16748,593.8,445.5
16749,593.8,445.5
16750,593.8,445.5
16751,593.8,445.5
16752,593.8,445.5
16753,593.8,445.5
16754,593.8,445.5
16755,593.8,445.5
16756,593.8,445.5
16757,593.8,445.5
16758,593.8,445.5
16759,593.8,445.5
16760,593.8,445.5
16761,593.8,445.5
16762,593.8,445.5
16763,593.8,445.5
16764,593.8,445.5
16765,593.8,445.5
16766,594.1,446.1
16767,594.2,446.4
16768,594.4,446.6
16769,594.5,446.6
16770,594.7,446.6
16771,594.8,446.5
16772,594.8,447.1
16773,594.5,447.4
16774,594.3,447.6
16775,594.3,447.6
16776,594.4,447.6
16777,594.5,448.1
16778,594.4,448.4
16779,594.3,448.6
16780,594.7,448.6
16781,595.2,448.6
16782,595.6,449.1
16783,595.5,449.4
16784,595.4,449.6
16785,595.4,449.6
16786,595.5,449.6
16787,595.5,450.1
16788,595.3,450.4
16789,595.2,450.6
16790,595.2,450.6
16791,595.4,450.6
16792,595.5,450.5
16793,595.6,451.1
16794,595.7,451.4
16795,595.9,451.6
16796,596.2,451.6
16797,596.5,451.6
16798,596.6,452.1
16799,596.4,452.4
16800,596.2,452.6
16801,596.2,452.6
16802,596.3,452.6
16803,596.4,453.1
16804,596.2,453.4
16805,596.1,453.6
16806,596.1,453.6
16807,596.3,453.6
16808,596.7,454.1
16809,597.0,454.4
16810,597.2,454.5
16811,597.3,454.6
16812,597.5,454.6
16813,597.6,454.5
16814,598.0,454.5
16815,598.3,455.1
16816,598.3,455.4
16817,598.2,455.6
16818,598.3,455.6
16819,598.8,455.5
16820,599.3,455.5
16821,599.5,456.1
16822,599.4,456.4
16823,599.2,456.6
16824,599.6,456.6
16825,600.1,456.5
16826,600.5,456.5
16827,600.6,457.1
16828,600.4,457.4
16829,600.6,457.6
16830,600.9,457.6
16831,601.3,457.5
16832,601.6,457.5
16833,601.6,458.1
16834,601.7,458.4
16835,601.9,458.5
16836,602.1,458.6
16837,602.4,458.5
16838,602.6,458.5
16839,602.9,459.1
16840,603.0,459.4
16841,603.1,459.5
16842,603.2,459.6
16843,603.4,459.5
16844,603.5,459.5
16845,603.4,460.1
16846,603.1,460.4
16847,603.0,460.6
16848,602.9,460.6
16849,603.1,460.5
16850,603.3,460.5
16851,603.3,461.1
16852,603.1,461.4
16853,602.9,461.5
16854,602.9,461.6
16855,603.1,461.5
16856,603.3,461.5
16857,603.3,462.1
16858,603.1,462.4
16859,602.9,462.5
16860,603.3,462.6
16861,603.9,462.5
16862,604.3,462.5
16863,604.5,463.1
16864,604.3,463.4
16865,604.0,463.5
16866,604.0,463.6
16867,604.1,463.5
16868,604.2,463.5
16869,604.3,464.1
16870,604.0,464.4
16871,603.9,464.5
16872,603.9,464.6
16873,604.0,464.5
16874,604.2,464.5
16875,604.2,465.1
16876,604.0,465.4
16877,603.8,465.5
16878,603.8,465.6
16879,603.1,449.1
16880,603.3,448.9
16881,603.2,448.9
16882,603.1,449.0
16883,602.9,449.0
16884,602.8,449.0
16885,602.7,449.0
16886,602.8,448.4
16887,603.1,448.1
16888,603.3,447.9
16889,603.3,447.9
16890,603.1,448.0
16891,602.9,448.0
16892,602.8,448.0
16893,602.8,447.4
16894,603.1,447.1
16895,603.3,447.0
16896,603.3,446.9
16897,603.1,447.0
16898,603.0,447.0
16899,602.8,447.0
16900,602.8,447.0
16901,602.9,446.4
16902,603.2,446.1
16903,603.4,446.0
16904,603.3,445.9
16905,603.2,446.0
16906,603.0,446.0
16907,602.9,446.0
16908,602.9,445.4
16909,603.2,445.1
16910,603.4,445.0
16911,603.4,444.9
16912,603.2,445.0
16913,603.0,445.0
16914,602.9,445.0
16915,602.9,445.0
16916,602.9,445.0
16917,602.9,445.0
16918,602.9,445.0
16919,602.9,445.0
16920,602.9,445.0
16921,602.9,445.0
16922,602.9,445.0
16923,602.9,445.0
16924,602.9,445.0
16925,602.9,445.0
16926,602.9,445.0
16927,602.9,445.0
16928,602.9,445.0
16929,602.9,445.0
16930,602.9,445.0
16931,602.9,445.0
16932,602.9,445.0
16933,602.9,445.0
16934,602.9,445.0
16935,602.9,445.0
16936,602.9,445.0
16937,602.9,445.0
16938,602.9,445.0
16939,602.9,445.0
16940,602.9,445.0
16941,602.9,445.0
16942,602.9,445.0
16943,602.9,445.0
16944,602.9,445.0
16945,602.9,445.0
16946,602.9,445.0
16947,602.9,445.0
16948,602.9,445.0
16949,602.9,445.0
16950,602.9,445.0
16951,602.9,445.0
16952,602.9,445.0
16953,602.9,445.0
16954,602.9,445.0
16955,602.9,445.0
16956,602.9,445.0
16957,602.9,445.0
16958,602.9,445.0
16959,602.9,445.0
16960,602.9,445.0
16961,602.9,445.0
16962,602.9,445.0
16963,602.9,445.0
16964,602.9,445.0
16965,602.9,445.0
16966,602.9,445.0
16967,602.9,445.0
16968,602.9,445.0
16969,602.9,445.0
16970,602.9,445.0
16971,602.9,445.0
16972,602.9,445.0
16973,603.3,445.0
16974,603.7,445.0
16975,604.0,445.0
16976,604.1,445.0
16977,604.1,445.0
16978,604.1,445.0
16979,604.0,445.0
16980,603.9,445.0
16981,603.9,445.0
16982,603.9,445.0
16983,603.9,445.0
16984,603.9,445.0
16985,603.9,445.0
16986,603.9,445.0
16987,603.9,445.0
16988,603.9,445.0
16989,603.9,445.0
16990,603.9,445.0
16991,603.9,445.0
16992,603.9,445.0
16993,603.9,445.0
16994,603.9,445.0
16995,603.9,445.0
16996,603.9,445.0
16997,603.9,445.0
16998,603.9,445.0
16999,603.9,445.0
17000,603.9,445.0
17001,603.9,445.0
17002,603.9,445.0
17003,603.9,445.0
17004,603.9,445.0
17005,603.9,445.0
17006,603.9,445.0
17007,603.9,445.0
17008,603.9,445.0
17009,603.9,445.0
17010,603.9,445.0
17011,603.9,445.0
17012,603.9,445.0
17013,603.9,445.0
17014,603.9,445.0
17015,603.9,445.0
17016,603.9,445.0
17017,603.9,445.0
17018,603.9,445.0
17019,603.9,445.0
17020,603.9,445.0
17021,603.9,445.0
17022,603.9,445.0
17023,603.9,445.0
17024,603.9,445.0
17025,603.9,445.0
17026,603.9,445.0
17027,603.9,445.0
17028,603.9,445.0
17029,603.9,445.0
17030,604.3,445.0
17031,604.7,445.0
17032,605.0,445.0
17033,605.1,445.0
17034,605.1,445.0
17035,605.1,445.0
17036,605.0,445.0
17037,604.9,445.0
17038,604.9,445.0
17039,604.9,445.0
17040,604.9,445.0
17041,604.9,445.0
17042,604.9,445.0
17043,604.9,445.0
17044,604.9,445.0
17045,604.9,445.0
17046,604.9,445.0
17047,604.9,445.0
17048,604.9,445.0
17049,604.9,445.0
17050,604.9,445.0
17051,604.9,445.0
17052,604.9,445.0
17053,604.9,445.0
17054,604.9,445.0
17055,604.9,445.0
17056,604.9,445.0
17057,604.9,445.0
17058,604.9,445.0
17059,604.9,445.0
17060,604.9,445.0
17061,604.9,445.0
17062,604.9,445.0
17063,604.9,445.0
17064,604.9,445.0
17065,604.9,445.0
17066,604.9,445.0
17067,604.9,445.0
17068,604.9,445.0
17069,604.9,445.0
17070,604.9,445.0
17071,604.9,445.0
17072,604.9,445.0
17073,604.9,445.0
17074,604.9,445.0
17075,604.9,445.0
17076,604.9,445.0
17077,604.9,445.0
17078,604.9,445.0
17079,604.9,445.0
17080,604.9,445.0
17081,604.9,445.0
17082,604.9,445.0
17083,604.9,445.0
17084,604.9,445.0
17085,604.9,445.0
17086,604.9,445.0
17087,605.2,445.6
17088,605.3,445.9
17089,605.4,446.1
17090,605.6,446.1
17091,605.8,446.1
17092,605.9,446.0
17093,605.8,446.6
17094,605.6,446.9
17095,605.4,447.1
17096,605.7,447.1
17097,606.3,447.1
17098,606.7,447.6
17099,606.6,447.9
17100,606.5,448.1
17101,606.5,448.1
17102,606.6,448.1
17103,606.7,448.0
17104,607.1,448.6
17105,607.2,448.9
17106,607.4,449.1
17107,607.5,449.1
17108,607.7,449.1
17109,607.7,449.6
17110,607.5,449.9
17111,607.3,450.1
17112,607.7,450.1
17113,608.2,450.1
17114,608.7,450.0
17115,608.8,450.6
17116,608.6,450.9
17117,608.4,451.1
17118,608.3,451.1
17119,608.4,451.1
17120,608.9,451.6
17121,609.1,451.9
17122,609.3,452.1
17123,609.4,452.1
17124,609.6,452.1
17125,609.6,452.6
17126,609.8,452.9
17127,610.0,453.1
17128,610.3,453.1
17129,610.5,453.1
17130,610.6,453.6
17131,610.4,453.9
17132,610.6,454.1
17133,611.0,454.1
17134,611.4,454.1
17135,611.6,454.6
17136,611.4,454.9
17137,611.3,455.1
17138,611.6,455.1
17139,612.1,455.0
17140,612.4,455.6
17141,612.4,455.9
17142,612.3,456.1
17143,612.3,456.1
17144,612.7,456.1
17145,613.2,456.6
17146,613.3,456.9
17147,613.3,457.1
17148,613.3,457.1
17149,1045.4,485.6
17150,1045.2,485.2
17151,1044.9,485.1
17152,1044.5,485.0
17153,1044.3,485.1
17154,1044.1,485.1
17155,1043.8,484.5
17156,1043.2,484.1
17157,1042.3,484.0
17158,1041.0,484.0
17159,1039.7,483.8
17160,1038.5,483.6
17161,1037.3,483.6
17162,1036.7,483.6
17163,1036.5,483.6
17164,1036.6,483.6
17165,1036.8,483.6
17166,1037.0,483.6
17167,1037.2,483.6
17168,1037.3,483.6
17169,1037.3,483.6
17170,1037.3,483.6
17171,1037.3,483.6
17172,1037.7,484.2
17173,1037.8,484.6
17174,1038.0,484.7
17175,1038.2,484.7
17176,1038.4,484.7
17177,1038.5,484.6
17178,1038.5,484.6
17179,1038.4,484.6
17180,1038.4,484.6
17181,1038.7,485.2
17182,1038.4,485.6
17183,1038.1,485.7
17184,1038.0,485.7
17185,1038.1,485.7
17186,1038.2,485.6
17187,1038.3,485.6
17188,1038.3,485.6
17189,1038.3,485.6
17190,1038.3,485.6
17191,1038.3,485.6
17192,1037.9,485.6
17193,1037.5,485.6
17194,1037.2,485.6
17195,1037.0,485.6
17196,1037.1,485.6
17197,1037.1,486.2
17198,1036.9,486.6
17199,1036.8,486.7
17200,1036.9,486.7
17201,1037.1,486.7
17202,1036.8,486.6
17203,1036.5,486.6
17204,1036.2,486.6
17205,1036.1,486.6
17206,1036.0,486.6
17207,1036.1,486.6
17208,1036.2,486.6
17209,1036.3,486.6
17210,1036.3,486.6
17211,1036.3,486.6
17212,1036.2,487.2
17213,1035.6,487.0
17214,1035.3,486.7
17215,1034.8,486.6
17216,1034.4,486.6
17217,1034.1,486.6
17218,1033.6,486.6
17219,1033.1,486.6
17220,1032.9,486.6
17221,1032.1,486.6
17222,1030.9,486.6
17223,1029.1,486.6
17224,1027.4,486.6
17225,1025.9,486.6
17226,1024.3,486.6
17227,1022.9,486.6
17228,1021.7,486.6
17229,1020.3,486.6
17230,1018.9,486.6
17231,1017.7,486.6
17232,1016.7,486.6
17233,1016.2,486.6
17234,1016.1,486.6
17235,1016.0,486.6
17236,1015.9,486.6
17237,1015.8,486.6
17238,1015.4,487.2
17239,1014.8,487.6
17240,1014.4,487.7
17241,1014.1,487.7
17242,1013.9,487.7
17243,1013.9,487.6
17244,1013.5,488.2
17245,1012.8,488.6
17246,1012.5,488.7
17247,1012.0,488.7
17248,1011.9,488.7
17249,1011.9,488.6
17250,1011.9,489.2
17251,1011.3,489.6
17252,1010.3,489.7
17253,1009.3,489.7
17254,1008.5,489.7
17255,1007.7,489.6
17256,1006.9,489.6
17257,1006.2,489.6
17258,1005.4,489.9
17259,1004.5,490.1
17260,1003.5,490.2
17261,1002.7,490.2
17262,1002.2,490.1
17263,1001.6,490.1
17264,1000.8,490.1
17265,999.8,490.1
17266,999.1,490.4
17267,997.9,490.0
17268,996.9,489.7
17269,995.5,489.6
17270,993.9,489.6
17271,992.1,488.9
17272,990.7,488.6
17273,989.1,488.5
17274,987.5,488.5
17275,985.9,487.9
17276,984.6,487.6
17277,983.0,487.5
17278,981.5,487.5
17279,979.9,486.9
17280,978.6,486.6
17281,977.0,486.5
17282,975.5,486.5
17283,974.2,486.5
17284,973.5,486.6
17285,972.9,486.6
17286,972.8,486.6
17287,972.8,486.9
17288,972.5,487.4
17289,972.0,487.6
17290,971.9,487.7
17291,971.6,487.7
17292,971.4,487.9
17293,971.2,488.1
17294,970.7,488.5
17295,970.2,488.6
17296,970.0,489.0
17297,969.5,489.1
17298,969.2,489.2
17299,968.7,489.5
17300,968.2,489.6
17301,967.9,490.0
17302,967.4,490.1
17303,967.1,490.2
17304,967.1,490.1
17305,966.7,490.4
17306,966.3,490.9
17307,965.9,491.1
17308,965.4,491.2
17309,965.2,491.2
17310,965.1,491.8
17311,964.5,492.1
17312,963.6,492.2
17313,963.1,492.2
17314,962.5,492.2
17315,962.0,492.1
17316,961.5,492.1
17317,961.0,492.1
17318,960.3,492.1
17319,959.7,492.1
17320,959.1,492.1
17321,958.7,492.4
17322,958.0,492.6
17323,957.1,492.6
17324,956.5,492.6
17325,955.9,492.6
17326,955.4,492.6
17327,954.9,492.6
17328,954.4,492.6
17329,953.7,492.6
17330,953.2,492.6
17331,952.6,492.6
17332,952.1,492.9
17333,951.4,493.1
17334,950.6,493.1
17335,949.6,493.1
17336,949.0,493.1
17337,948.4,493.1
17338,947.6,493.1
17339,947.1,493.1
17340,946.5,493.1
17341,945.7,493.1
17342,944.7,493.1
17343,944.1,493.1
17344,943.4,493.1
17345,993.3,495.6
17346,992.9,495.6
17347,992.5,495.6
17348,992.2,496.2
17349,991.5,496.6
17350,990.6,496.7
17351,989.6,496.7
17352,989.0,496.7
17353,988.5,496.6
17354,987.7,496.6
17355,986.8,496.6
17356,986.1,496.6
17357,985.4,496.6
17358,984.6,496.6
17359,983.7,496.6
17360,983.1,496.6
17361,982.4,496.6
17362,981.6,496.6
17363,980.7,496.6
17364,980.0,497.2
17365,978.6,497.6
17366,977.3,497.7
17367,976.1,497.7
17368,975.1,497.7
17369,974.2,497.6
17370,973.3,497.6
17371,972.0,497.6
17372,970.5,497.6
17373,969.2,497.6
17374,968.1,497.6
17375,967.1,497.6
17376,966.1,498.2
17377,965.0,497.9
17378,964.2,497.7
17379,963.8,497.6
17380,963.4,497.6
17381,962.7,497.6
17382,962.2,497.6
17383,961.5,497.6
17384,960.6,497.6
17385,960.1,497.6
17386,959.5,497.6
17387,958.7,497.6
17388,958.1,497.6
17389,957.5,497.6
17390,957.1,497.6
17391,956.6,497.6
17392,955.8,497.6
17393,954.8,497.6
17394,953.7,497.6
17395,688.5,494.5
17396,689.7,494.5
17397,690.7,494.5
17398,691.6,494.5
17399,692.5,494.5
17400,693.9,494.5
17401,695.3,494.5
17402,696.6,494.5
17403,697.7,494.5
17404,698.7,494.5
17405,699.6,494.5
17406,701.0,494.5
17407,702.4,494.2
17408,703.8,494.0
17409,705.0,493.9
17410,705.9,494.3
17411,706.6,494.4
17412,707.6,494.5
17413,708.9,494.5
17414,710.3,494.5
17415,711.6,494.5
17416,712.8,494.5
17417,713.7,494.5
17418,714.8,494.8
17419,715.8,495.0
17420,717.0,495.0
17421,718.4,494.7
17422,719.7,494.8
17423,721.0,494.9
17424,722.1,495.0
17425,723.1,495.0
17426,724.1,495.3
17427,725.1,495.5
17428,726.3,495.2
17429,727.8,495.1
17430,729.2,495.3
17431,730.2,495.4
17432,731.2,495.5
17433,732.1,495.5
17434,733.4,495.8
17435,734.7,496.0
17436,735.9,496.0
17437,737.1,496.0
17438,738.2,496.0
17439,739.2,496.0
17440,740.2,496.0
17441,741.2,496.0
17442,742.1,496.0
17443,743.5,496.0
17444,744.9,496.0
17445,746.2,496.0
17446,747.4,496.0
17447,748.4,496.0
17448,749.2,496.6
17449,749.8,497.0
17450,750.6,497.1
17451,751.7,497.1
17452,753.3,497.1
17453,754.9,497.0
17454,756.3,497.0
17455,757.5,497.0
17456,758.5,497.0
17457,759.3,497.0
17458,760.3,497.0
17459,761.2,497.0
17460,762.2,497.0
17461,763.5,497.6
17462,764.2,498.0
17463,765.0,498.1
17464,765.9,498.1
17465,766.9,498.1
17466,768.1,498.0
17467,769.2,498.0
17468,770.2,498.0
17469,771.0,498.0
17470,771.8,498.0
17471,772.5,498.0
17472,773.2,498.0
17473,774.0,498.0
17474,775.0,498.0
17475,776.1,498.0
17476,777.1,498.0
17477,778.0,498.0
17478,778.8,498.0
17479,779.7,498.0
17480,780.6,498.0
17481,781.4,498.0
17482,782.3,498.0
17483,783.2,498.0
17484,784.1,498.0
17485,784.9,498.0
17486,785.8,498.0
17487,786.7,498.0
17488,787.6,498.0
17489,788.7,498.0
17490,789.7,498.0
17491,790.5,498.0
17492,791.4,498.0
17493,792.0,498.0
17494,792.8,498.0
17495,793.6,498.0
17496,794.6,498.0
17497,795.6,498.0
17498,796.7,498.0
17499,797.8,498.0
17500,798.8,498.0
17501,799.5,497.7
17502,800.2,497.6
17503,800.6,497.2
17504,801.2,497.0
17505,801.7,497.0
17506,802.1,496.7
17507,802.8,496.5
17508,803.4,496.2
17509,804.0,496.0
17510,804.6,496.0
17511,805.1,495.7
17512,805.7,495.5
17513,806.3,495.8
17514,806.8,495.7
17515,807.4,495.6
17516,808.0,495.2
17517,808.7,495.0
17518,809.4,495.0
17519,809.9,494.7
17520,810.5,494.5
17521,811.1,494.2
17522,811.7,494.0
17523,812.4,494.0
17524,812.9,493.7
17525,813.5,493.5
17526,814.2,493.8
17527,814.3,494.3
17528,814.2,494.9
17529,813.7,495.4
17530,813.4,496.3
17531,813.0,497.0
17532,812.9,497.5
17533,813.1,498.0
17534,813.2,498.8
17535,813.2,499.5
17536,813.2,500.0
17537,560.0,483.9
17538,559.8,483.6
17539,559.7,483.4
17540,559.6,483.4
17541,559.3,483.4
17542,558.9,483.4
17543,558.5,483.4
17544,558.3,483.4
17545,558.0,483.4
17546,557.9,483.4
17547,557.7,482.8
17548,557.8,482.5
17549,557.7,482.3
17550,557.4,482.3
17551,556.9,482.4
17552,556.5,482.4
17553,556.1,482.4
17554,555.8,482.4
17555,555.7,482.4
17556,555.6,482.1
17557,555.4,482.0
17558,555.2,481.9
17559,555.0,481.9
17560,554.7,481.9
17561,554.3,481.9
17562,553.9,481.9
17563,553.7,481.9
17564,553.7,481.9
17565,553.4,481.9
17566,553.1,481.9
17567,552.8,481.9
17568,552.7,481.9
17569,552.8,481.9
17570,552.8,481.9
17571,552.9,481.9
17572,552.9,481.9
17573,552.6,481.9
17574,552.2,481.9
17575,551.9,481.9
17576,551.8,481.9
17577,551.8,481.9
17578,551.8,481.9
17579,551.9,481.9
17580,551.9,481.9
17581,551.6,481.9
17582,551.2,481.9
17583,550.9,481.9
17584,550.8,481.9
17585,550.8,481.9
17586,550.8,481.9
17587,550.9,481.9
17588,550.9,481.9
17589,550.6,481.9
17590,550.2,481.9
17591,549.9,481.9
17592,549.8,481.9
17593,549.7,481.9
17594,549.8,481.9
17595,549.9,481.9
17596,549.9,481.9
17597,549.6,481.9
17598,549.2,481.9
17599,548.9,481.9
17600,548.8,481.9
17601,548.7,481.9
17602,548.8,481.9
17603,548.9,481.9
17604,548.9,481.9
17605,548.6,481.9
17606,548.2,481.9
17607,547.9,481.9
17608,547.7,481.9
17609,547.7,481.9
17610,547.8,481.9
17611,547.9,481.9
17612,547.9,481.9
17613,547.8,482.5
17614,547.2,482.9
17615,546.6,483.0
17616,546.4,483.0
17617,546.4,483.0
17618,546.2,482.9
17619,546.0,482.9
17620,545.8,482.9
17621,545.7,482.9
17622,545.3,482.9
17623,545.0,482.9
17624,544.8,482.9
17625,544.7,482.9
17626,544.3,482.9
17627,544.0,482.9
17628,543.8,482.9
17629,543.7,482.9
17630,543.3,482.9
17631,543.0,482.9
17632,542.8,482.9
17633,542.7,482.9
17634,542.3,482.9
17635,542.0,482.9
17636,541.8,482.9
17637,541.7,482.9
17638,541.3,482.9
17639,541.0,482.9
17640,540.8,482.9
17641,540.7,482.9
17642,540.3,482.9
17643,540.0,482.9
17644,539.8,482.9
17645,539.7,482.9
17646,539.3,482.9
17647,539.0,482.9
17648,758.7,482.0
17649,759.5,482.0
17650,760.5,481.7
17651,761.7,481.5
17652,762.7,481.5
17653,763.5,481.5
17654,764.1,481.5
17655,764.8,481.5
17656,765.6,481.5
17657,766.5,481.5
17658,767.4,481.5
17659,768.2,481.5
17660,769.2,481.5
17661,770.0,481.2
17662,770.9,481.0
17663,771.9,481.0
17664,772.6,481.0
17665,773.4,481.0
17666,774.2,481.0
17667,775.1,481.0
17668,775.9,481.0
17669,776.8,481.0
17670,777.5,481.0
17671,778.3,481.0
17672,779.2,480.7
17673,780.3,480.5
17674,781.4,480.5
17675,782.3,480.5
17676,782.8,480.5
17677,783.4,480.5
17678,784.1,480.5
17679,785.1,480.5
17680,786.1,480.5
17681,787.2,480.5
17682,788.3,480.5
17683,789.0,480.2
17684,789.7,480.1
17685,790.5,480.0
17686,790.9,480.0
17687,791.4,480.0
17688,792.1,480.0
17689,792.6,480.0
17690,793.2,480.3
17691,793.9,480.2
17692,794.8,480.1
17693,795.5,480.0
17694,796.3,480.0
17695,797.0,480.0
17696,797.6,480.0
17697,798.2,480.0
17698,798.8,480.3
17699,799.5,480.2
17700,800.3,480.1
17701,801.1,480.0
17702,801.8,480.0
17703,802.5,480.0
17704,803.1,480.0
17705,803.7,480.0
17706,1138.3,499.7
17707,1138.3,499.7
17708,1138.3,499.7
17709,1138.3,499.7
17710,1138.3,499.7
17711,1138.3,499.7
17712,1138.3,499.7
17713,1138.3,499.7
17714,1138.3,499.7
17715,1138.3,499.7
17716,1138.3,499.7
17717,1138.3,499.7
17718,1138.3,499.7
17719,1138.3,499.7
17720,1138.3,499.7
17721,1138.3,499.7
17722,1138.3,499.7
17723,1138.3,499.7
17724,1138.3,499.7
17725,1138.3,499.7
17726,1138.3,499.7
17727,1138.3,499.7
17728,1138.3,499.7
17729,1138.3,499.7
17730,1138.3,499.7
17731,1138.3,499.7
17732,1138.3,499.7
17733,1138.3,499.7
17734,1138.3,499.7
17735,1138.3,499.7
17736,1138.3,499.7
17737,1138.3,499.7
17738,1138.3,499.7
17739,1138.3,499.7
17740,1138.3,499.7
17741,1138.3,499.7
17742,1138.3,499.7
17743,1138.3,499.7
17744,1138.3,499.7
17745,1138.3,499.7
17746,1137.6,499.7
17747,1136.6,499.7
17748,1135.2,499.7
17749,1133.9,499.7
17750,1132.6,499.7
17751,1131.5,499.7
17752,1130.2,499.7
17753,1129.0,499.7
17754,1127.9,499.7
17755,1126.8,499.7
17756,1125.8,499.6
17757,1125.1,500.0
17758,1124.6,500.1
17759,1124.6,500.2
17760,1124.9,500.2
17761,1125.3,500.2
17762,1125.6,500.1
17763,1125.7,500.1
17764,1125.8,500.1
17765,1125.8,500.1
17766,1125.8,500.2
17767,1125.8,500.2
17768,1125.8,500.2
17769,1125.8,500.2
17770,1125.8,500.2
17771,1125.8,500.2
17772,1125.8,500.2
17773,1125.8,500.2
17774,1125.8,500.2
17775,1125.8,500.2
17776,1125.8,500.2
17777,1125.8,500.2
17778,1125.8,500.2
17779,1125.8,500.2
17780,1125.8,500.2
17781,1125.8,500.2
17782,1125.8,500.2
17783,1125.8,500.2
17784,1125.8,500.2
17785,1125.8,500.2
17786,1125.8,500.2
17787,1125.8,500.2
17788,1125.8,500.2
17789,1125.8,500.2
17790,1125.8,500.2
17791,1125.8,500.2
17792,1125.8,500.2
17793,1125.8,500.2
17794,1125.8,500.2
17795,1125.8,500.2
17796,1125.8,500.2
17797,1125.8,500.2
17798,1125.8,500.2
17799,1125.8,500.2
17800,1125.8,500.2
17801,1125.8,500.2
17802,1125.8,500.2
17803,1125.8,500.2
17804,1125.8,500.2
17805,1125.8,500.2
17806,1125.8,500.2
17807,1125.8,500.2
17808,1125.8,500.2
17809,1125.8,500.2
17810,1125.8,500.2
17811,1125.8,500.2
17812,1125.8,500.2
17813,1125.8,500.2
17814,1125.8,500.2
17815,1125.8,500.2
17816,1125.8,500.2
17817,1125.8,500.2
17818,1125.8,500.2
17819,1125.8,500.2
17820,1125.8,500.2
17821,1125.8,500.2
17822,1125.8,500.2
17823,1125.8,500.2
17824,1125.8,500.2
17825,1125.8,500.2
17826,1125.8,500.2
17827,1125.8,500.2
17828,1125.8,500.2
17829,1125.8,500.2
17830,1125.8,500.2
17831,1125.8,500.2
17832,1125.8,500.2
17833,1125.8,500.2
17834,1125.8,500.2
17835,1125.8,500.2
17836,1125.8,500.2
17837,1125.8,500.2
17838,1125.8,500.2
17839,1125.8,500.2
17840,1125.8,500.2
17841,1125.8,500.2
17842,1125.8,500.2
17843,1125.8,500.2
17844,1125.8,500.2
17845,1125.8,500.2
17846,1125.8,500.2
17847,1125.8,500.2
17848,1125.8,500.2
17849,1125.8,500.2
17850,1125.8,500.2
17851,1067.8,496.1
17852,1067.4,496.5
17853,1064.7,497.0
17854,1062.1,497.2
17855,1060.5,497.2
17856,1060.2,497.2
17857,1060.6,497.1
17858,1061.3,497.1
17859,1061.9,497.1
17860,1062.2,497.1
17861,1062.3,497.1
17862,1062.2,497.1
17863,1062.2,497.1
17864,1062.2,497.1
17865,1062.2,497.1
17866,1062.2,497.1
17867,1062.2,497.1
17868,1062.6,497.8
17869,1062.4,497.8
17870,1062.0,497.7
17871,1061.8,497.4
17872,1061.6,497.2
17873,1061.4,497.1
17874,1061.2,497.1
17875,1061.1,497.1
17876,1061.1,497.1
17877,1061.1,497.1
17878,1061.1,497.1
17879,1061.2,497.1
17880,1061.2,497.1
17881,1061.2,497.1
17882,1061.2,497.1
17883,1061.2,497.1
17884,1060.9,496.5
17885,1060.8,495.8
17886,1060.5,495.5
17887,1060.2,495.2
17888,1060.0,495.0
17889,1059.5,494.4
17890,1059.2,493.8
17891,1059.1,493.5
17892,1059.1,493.2
